Total Balance
\left[0.5,1,1.5,2,2.5,3,3.5,4,4.5,5,5.5,6,6.5,7,7.5,8,8.5,9,9.5,10,10.5,11,11.5,12,12.5,13,13.5,14\right]
\left[-11794,-23112,-33954,-44274,-54028,-63180,-71720,-79612,-84089,-88038,-90675,-92196,-92598,-91855,-89972,-86921,-82710,-77314,-70740,-62964,-53986,-43787,-32367,-19699,-5935,8881,24635,41256\right]

Vote Share
\left[1,2,3,4,5,6,7,8,9,10\right]
\left[45.2,31.95,13.7,4.816666667,2.9,1.066666667,0.2,0.05,0.05,0.03333333333\right]

Python Triangles
\left[1,10,100,1000,10000,100000,500000,1000000,250000,750000,2000000,10000000\right]
\left[107.97545,101.8672,104.0070,111.5417,213.3762,1183.8783,5366.3530,10064.2039,2852.1595,8097.9509,21058.1879,105030.8844\right]

multiplication accuracy
\left[1,2,3,4,5,6,7,8,9,10,11,12,13\right]
\left[10.2174818841,3.67069746377,1.78874547101,0.676268115942,0.252309782609,0.168206521739,0.0841032608695,0.040625,0.040625,0.0203125,0.0203125,0.0203125,0\right]

aquatuner temp over time
\left[0,10,20,32,40,60,80,100,120,144\right]
\left[140,140.2,140.4,140.7,140.9,141.3,141.7,142.1,142.5,142.9\right]

Cash and Domestic Stock percent allocation over Time (years)
\left[30...89\right]
\left[0,0,0,0,0,0,0,0,0,0,0,0,0,0,0,0,0,0,0,0,0,0,0,0,0,0,0,0,0,0,0,0,0,0,100-72,100-75,100-85,100-93,100-96,0,0,0,4,0,0,0,0,0,0,0,0,0,0,0,0,0,0,0,0,0\right]
\left[32,33,38,40,37,33,35,39,33,35,39,37,33,35,37,36,36,36,37,35,36,35,35,33,33,35,36,35,36,34,34,34,35,35,33,33,33,35,32,34,34,34,34,33,33,33,33,33,32,33,32,32,32,33,34,31,31,32,31,33,31\right]

income by age
\left[16...75\right]
\left[3719.70970208,6218.6109719,9655.2009861,15510.7247266,19452.7707778,23566.0241373,26993.5813939,32282.3984145,36244.2920764,40744.6425308,44580.8583752,47147.5960796,49258.4771174,51746.2286513,51666.4661824,53368.5037441,54940.6090242,56903.4285607,58339.8564553,60056.0585457,60671.3143803,61429.433035,61936.2583466,62822.8806039,61749.7252381,62977.688446,63499.0451189,63795.9682575,63782.4366075,63849.4369717,64512.2230126,64886.2949109,64385.661359,64511.1924697,66244.3826901,66106.906125,66633.0733639,67383.0779244,64345.4641668,64725.6068606,63965.9214871,65123.7544544,63249.988003,62461.1557643,62633.0906423,63598.4128639,64130.0140286,63654.7772782,62642.4502506,67707.0618111,63176.8221802,64868.1257883,67130.5134618,65874.1714906,64640.2620977,64278.854523,63540.5019335,63928.3054542,60385.2184408,62260.2448633\right]

Median weekly real earnings
\left[28856,28946,29037,29129,29221,29312,29403,29495,29587,29677,29768,29860,29952,30042,30133,30225,30317,30407,30498,30590,30682,30773,30864,30956,31048,31138,31229,31321,31413,31503,31594,31686,31778,31868,31959,32051,32143,32234,32325,32417,32509,32599,32690,32782,32874,32964,33055,33147,33239,33329,33420,33512,33604,33695,33786,33878,33970,34060,34151,34243,34335,34425,34516,34608,34700,34790,34881,34973,35065,35156,35247,35339,35431,35521,35612,35704,35796,35886,35977,36069,36161,36251,36342,36434,36526,36617,36708,36800,36892,36982,37073,37165,37257,37347,37438,37530,37622,37712,37803,37895,37987,38078,38169,38261,38353,38443,38534,38626,38718,38808,38899,38991,39083,39173,39264,39356,39448,39539,39630,39722,39814,39904,39995,40087,40179,40269,40360,40452,40544,40634,40725,40817,40909,41000,41091,41183,41275,41365,41456,41548,41640,41730,41821,41913,42005,42095,42186,42278,42370,42461,42552,42644,42736,42826,42917,43009,43101,43191,43282,43374,43466,43556,43647,43739,43831,43922,44013,44105,44197,44287,44378,44470,44562,44652,44743,44835,44927,45017,45108,45200,45292,45383,45474,45566,45658,45748,45839,45931,46023\right]
\left[335,335,330,326,321,315,319,315,314,311,309,312,312,314,311,313,315,314,315,312,313,312,313,316,314,323,320,320,321,328,328,331,328,328,330,328,329,325,325,324,323,322,322,322,319,319,313,312,316,312,312,313,315,313,314,312,315,317,319,319,316,317,314,314,313,314,317,313,312,312,314,313,313,314,314,314,319,319,321,328,324,329,330,335,334,334,335,334,333,336,338,340,341,339,337,336,335,338,337,337,337,341,335,337,336,334,331,332,332,329,334,337,336,335,336,332,335,335,331,340,345,345,345,344,344,342,342,341,338,336,336,335,335,337,333,333,331,335,334,334,335,330,336,336,341,339,340,345,346,345,347,349,352,354,352,345,351,351,354,355,355,358,360,362,367,393,384,376,373,371,367,361,363,359,362,362,364,365,366,369,365,368,371,374,373,376,376,376,376\right]

withdrawal rate effect on stock allocation with constant chance of financial ruin
\left[3.16479,2.27606,0.87907\right]
\left[63.79616,66.1947,81.72779\right]

I Bond
\left[36100,36281,36465,36647,36831,37012,37196,37377,37561,37742,37926,38108,38292,38473,38657,38838,39022,39203,39387,39569,39753,39934,40118,40299,40483,40664,40848,41030,41214,41395,41579,41760,41944,42125,42309,42491,42675,42856,43040,43221,43405,43586,43770,43952,44136,44317,44501,44682,44866,45047,45231,45413,45597,45778,45962,46143\right]
\left[0.0670,0.0670,0.0680,0.0700,0.0680,0.0639,0.0537,0.0537,0.0497,0.0446,0.0446,0.0436,0.0436,0.0456,0.0436,0.0476,0.0476,0.0466,0.0456,0.0334,0.0405,0.0344,0.0365,0.0354,0.0334,0.0334,0.0334,0.0334,0.0334,0.0334,0.0354,0.0344,0.0334,0.0334,0.0344,0.0344,0.0334,0.0334,0.0344,0.0365,0.0385,0.0385,0.0354,0.0334,0.0334,0.0334,0.0334,0.0334,0.0375,0.0426,0.0466,0.0466,0.0456,0.0446,0.0426,0.0426\right]

traffic flow over time
\left[1...40\right]
\left[65,65,66,63,62,63,62,62.5,62,62,64,64,63,64,63.5,64,65,64,65.5,66,65,66,66,66,67,66,66,65,64,66.5,66,65,64.5,62,62,62,61,62,61,60\right]

congress approval trailing avg
\left[1,2,3,4,5,6,7,8,9,10\right]
\left[7.37343544119,8.15456192344,8.94018994308,9.52157444024,9.92844202893,10.3378074217,10.6481860533,10.8525609352,10.9697976135,11.0330533595\right]

income by year
\left[1974,1980,1990,2000,2010,2019,2020,2021,2022,2023\right]
\left[28010,26340,30660,35880,35450,42530,41950,42020,42090,42220\right]

download speed MBs
\left[1...\operatorname{count}\left(y_{1}\right)\right]
\left[204,197,230,247,213,206,232,237,264,253,223,258,287,314,327,318,334,288,301,299,311,297,246,262,246,278,286,260,294,301,325,358,321,266,269,275,273,273,297,326,324,285,321,316,316,312,282,294,256,230,275,294,313,349,357,373,389,380,397,343,306,295,305,280,306,306,321,321,329,321,328,310,307,282,267,253,217\right]

transpiration
\left[0,2,4,6+\frac{2}{6},8,10,12,14,16,18,20,22,24,26\right]
\left[.7,1,1.6,1.777,2,2.093,2.093,2+\frac{2.1}{15.6},2+\frac{4.2}{15.6},2+\frac{6.35}{15.6},2.6,2.8,2.9,2.99\right]

Bachelor degree men salary
\left[31,59,90,120,151,181,212,243,273,304,334,365,396,425,456,486,517,547,578,609,639,670,700,731,762,790,821,851,882,1369,1400,1430,1461,1492,1520,1551,1581,1612,1642,1673,1704,1734,1765,1795,1826,1857,1886,1917,1947,1978,2008,2039,2070,2100,2131,2161,2192,2223,2251,2282,2312,2343,2373,2404,2435,2465,2496,2526,2557,2588,2616,2647,2677,2708,2738,2769,2800,2830,2861,2891,2922,2953,2981,3012,3042,3073,3103,3134,3165,3195,3226,3256,3287,3318,3347,3378,3408,3439,3469,3500,3531,3561,3592,3622,3653,3684,3712,3743,3773,3804,3834,3865,3896,3926,3957,3987,4018,4049,4077,4108,4138,4169,4199,4230,4261,4291,4322,4352,4383,4414,4442,4473,4503,4992,5022,5053,5083,5114,5145,5173,5204,5234,5265,5295,5326,5357,5387,5418,5448,5479,5510,5538,5569,5599,5630,5660,5691,5722,5752,5783,5813,5844,5875,5903,5934,5964,5995,6025,6056,6087,6117,6148,6178,6209,6240,6269,6300,6330,6361,6391,6422,6453,6483,6514,6544,6575,6606,6634,6665,6695,6726,6756,6787,6818,6848,6879,6909,6940,6971,6999,7030,7060,7091,7121,7152,7183,7213,7244,7274,7305,7336,7364,7395,7425,7456,7486,7517,7548,7578,7609,7639,7670,7701,7730,7761,7791,7822,7852,7883,7914,7944,7975,8005,8036,8067,8095,8126,8156,8187,8217,8248,8279,8309,8340,8370,8401,8432,8460,8491,8521,8552,8582,8613,8644,8674,8705,8735,8766,8797,8825,8856,8886,8917,8947,8978,9009,9039,9070,9100,9131,9162,9191,9222,9252,9283,9313,9344,9375,9405,9436,9466,9497,9528,9556,9587,9617,9648,9678,9709,9740,9770,9801,9831,9862,9893,9921,9952,9982,10013,10043,10074,10105,10135,10166,10196,10227,10258,10286,10317,10347,10378,10408,10439,10470,10500,10531,10561,10592,10623,10652,10683,10713,10744,10774,10805,10836,10866,10897,10927,10958,10989,11017,11048,11078,11109,11139,11170,11201,11231,11262,11292,11323,11354,11382,11413,11443,11474,11504,11535,11566,11596,11627,11657,11688,11719,11747,11778,11808,11839,11869,11900,11931,11961,11992,12022,12053,12084,12113,12144,12174,12205,12235,12266,12297,12327,12358,12388,12419,12450,12478,12509,12539,12570,12600,12631,12662,12692,12723,12753,12784,12815,12843,12874,12904,12935,12965,12996,13027,13057,13088,13118,13149,13180,13208,13239,13269,13300,13330,13361,13392,13422,13453,13483,13514,13545,13574,13605,13635,13666,13696,13727,13758,13788,13819,13849,13880,13911,13939,13970,14000,14031,14061,14092,14123,14153,14184,14214,14245,14276,14304,14335,14365,14396,14426,14457,14488,14518,14549,14579,14610,14641,14669,14700,14730,14761,14791,14822,14853,14883,14914,14944,14975,15006,15035,15066,15096,15127,15157,15188,15219,15249,15280,15310,15341,15372,15400,15431,15461,15492,15522,15553,15584,15645,15675\right]
\left[6.1,5.7,5.7,5.8,5.4,5.8,4.9,4.8,5.4,5.4,5.3,5.3,5.3,5.7,5.3,5.4,5.7,4.9,5.9,5.6,5.2,5.5,5.5,5.2,5.6,5.5,5,5.5,5,4.9,4.9,4.9,4.9,4.9,4.9,5,4.9,4.5,4.8,5.1,4.8,4.5,4.9,4.9,4.9,4.9,5.3,5.1,4.9,5.6,5.3,4.9,5.3,5.1,5.4,5.1,5.8,5.3,5.4,5.8,5.2,5.4,5.7,5.6,5.7,5.8,5.7,5.4,5.1,5.6,5.6,5.3,5.3,6.1,6.2,5.7,5.7,5.7,5.5,5.6,5.7,5.4,5.1,5.4,5.1,5.1,5.1,5.3,5.1,4.9,4.9,4.9,4.7,4.4,4.3,3.9,4.1,4.3,3.9,4.5,4.3,4.1,4.1,4.1,4,3.9,3.9,4,3.7,4.3,3.8,4.1,4.2,3.9,4.1,4.3,3.8,4.4,4,3.5,4,3.6,3.4,4.1,4.2,4.2,3.8,3.6,4.1,3.9,4.3,4.1,4.3,4.2,4.2,4.1,4.7,4.3,4.5,4.7,4.5,4.3,5.1,5,4.7,4.9,4.8,4.7,5.1,4.8,4.4,4.7,5.4,5.3,5.5,5.4,5.1,4.8,5.1,4.9,5.1,4.9,5.1,5.7,4.8,5.1,4.8,5,4.7,5.3,5.3,4.9,4.9,4.8,4.9,4.9,4.9,4.9,5.2,5.2,5.1,5.3,5.3,5.7,5.1,5.3,5.4,5.1,5.4,4.7,5.5,5.1,5.1,4.9,5.1,4.9,4.9,4.8,4.4,4.5,4.1,4.6,3.9,3.9,4.1,3.7,3.6,3.3,3.8,4.1,3.8,3.3,3.4,3.9,3.5,3.7,3.4,3.4,3.4,3.3,3.3,3.4,3.4,3.3,3.4,3.5,3.1,3.7,3.6,3.8,3.6,3.7,3.3,3.9,3.4,3.4,3.7,3.8,3.9,4.2,4,4.1,4.1,4.4,3.8,3.9,3.6,3.9,4,3.8,3.6,3.7,4.1,3.7,3.6,4.5,3.9,4.3,4,4.5,3.9,3.9,4.3,4.4,4.2,4.4,4.2,4.1,3.9,3.8,4.1,4,4.1,4.1,4.1,4,3.9,4.1,3.9,3.9,3.6,3.4,3.1,3.3,3.2,3.3,2.8,2.7,1.9,2.3,2.1,2,1.1,1.9,2.1,1.7,1.8,1.3,2.1,1.9,1.9,1.9,1.3,1.8,1.9,1.9,2,1.8,1.9,2.4,1.8,2.2,2.5,1.6,2.4,2,1.7,2.1,2.1,1.9,2.5,2,2.3,2,1.9,2.5,2,2.4,2.6,2.1,2.3,2.3,2,2.3,2,2.5,2.5,2,2.1,2,2.5,2.5,2.4,2.4,2.2,2.3,2.5,2.4,2.4,3,2.9,2.9,2.7,3.3,3,3.3,3.6,2.9,3.2,3.4,2.7,2.9,3,3.4,2.9,3,3.6,3,3.6,3.8,3.3,3.1,3.6,4.2,4,3.6,3,3.1,3.5,3.6,3.4,3.1,3.1,3.7,3.5,3.6,3,3.1,2.7,3.1,3,3.9,3,2.8,3.9,3.3,3.4,3.6,3.9,4.1,3.5,3.6,3.2,3.7,3.9,3.5,4.1,3.9,3.2,3.8,3.6,3.7,3.6,3.9,3.6,3,3.4,4.1,3.9,3.6,3,3.7,3.8,3.6,2.9,3.5,3.6,3,3.1,3,3.6,4.5,3.6,4.5,4.3,4.1,5.2,6.1,6.1,5.7,6.3,6.5,7.4,6.3,6.3,6.5,6.3,6.5,5.5,6.1,6.7,6.3,5,6.5,5.2,5.4,5.4,5,5,5.1,5.4,4.7,4.9,4.5,6.5,4.7,4.8,4.5,4.8,4.9,4.3,3.8,4.6,4.1,4.3,4.4,4.2,4.2,3.9,4.2,4,4.2,3.8,3\right]

ONI half rodriguez
\left[1200,1000,1100,1400,1020,1040,1080,1090\right]
\left[5846.9+30.8+21+2.4,2514+411.2+271.3\ +13.2+13.2+4925.5,3630.2+1987.1+142+13.6+17.7+4.6+1.58+2.6,5542.7+205.8+25.2+7+.3\ ,988.4+5600+690.6+8.6,5800+500+492.39+15.5+1.5+1.475+2.34+.1,4000+568.4+1700+521.2+408.9+8.4+.6,7100+328.3\ +11.9+18.5+.78\right]

Bachelor salary by year
x_{1}=\left[2012...2022\right]
y_{1}=\left[60300,62000,62700,63200,62700,62300,64900,64900,68500,67300,66600\right]

delay in seconds vs median reaction speed in ms for all people in extended mode
x_{1}=\left[1...\operatorname{count}\left(y_{1}\right)\right]
\left[.58,1.75,2.92,4.08,5.25,6.42,7.58,8.75,9.92,11.08,12.25,13.42,14.58\right]

geometry dash extreme
x_{1}=\left[1...\operatorname{count}\left(y_{1}\right)\right]
\left[327,295,278,270,278,252,266,249,266,268,262,270,269\right]
y_{1}=\left[11,10,9,14,20,10,32,9,13,10,20,16,14,9,14,14,10,14,11,19,29,9,10,16,19,10,14,18,10,13,29,15,13,14,20,20,26,19,13,10,10,9,14,25,14,8,24,14,19,17,29,11,11,24,31,15,11,8,17,10,15,15,16,11,37,20,16,14,29,11,38,10,11,9,19,24,9,18,18,12,16,28,14,54,11,15,11,40,22,18,15,35,34,19,22,9,11,14,12,24,25,10,19,24,11,31,10,18,29,20,23,19,20,41,10,14,36,9,17,10,49,19,32,16\right]

Happiness over time
\left[23,32,14,13,18,20,19,15,23,26,27,17,32,36,23,26,32,25,15,36,1,15,35,33,31,22,14,30,40,22,25,11,18,79,25,35,17,35,8,21,18,11,20,11,11,66,89,75,7,15,7,21,25,28\right]
y_{1}=\left[6.5,5.8,5.2,5.9,5.8,5.9,6.5,6.3,3.8,4.7,4.5,6,6,6.4,4.6,3,4,4.9,5.3,4,3,5.5,4.9,6.1,5.7,4.075,6.7,5.45,6,5.9,5,4.3,5.85,7,5.8,6,5.25,4.9,4.3,5.733333333,3.8,4,4.4,5.3,6,6.2,6.7,6.9,4.65,6.1,3.75,3.8,6.3,5.3\right]

uncertainty vs accuracy
\left[52,63,43,98,70,93,35,21,81,89,34,38,40,59,03,74,58,103,50,25\right]
y_{1}=\left[76,111,79,108,92,221,133,54,101,162,46,43,69,114,46,99,80,174,69,82\right]-x_{1}

Pressure over time (sec)
x_{1}=\left[.24,.38,.68,.71,.81,.88,1.05,1.18,1.48,2.18,2.61,2.95,3.25,3.48,4.18,4.68,5.96\right]
y_{1}=\left[0,.1,.4,.25,.8,.9,1.35,1.95,2.5,3.4,3.6,3.25,.5\left(3.25+3.2\right),3.15,2.55,2.65,2.6\right]\cdot \frac{1}{3.3}

Seconds to multiply
x_{1}=\left[1,...165\right]
y_{1}=\left[4.755,4.649,2.377,1.452,1.32,4.52,2.575,2.309,1.749,2.245,1.452,1.451,1.287,1.521,2.44,1.487,5.879,4.151,1.286,2.514,2.502,2.541,1.913,1.32,1.65,2.146,4.819,2.642,2.212,1.716,1.55,1.246,3.696,1.452,2.08,2.243,1.981,1.982,1.978,1.979,1.985,1.679,2.211,1.715,1.683,1.881,2.409,2.442,2.674,3.069,3.763,1.847,1.849,2.64,2.705,2.079,1.953,2.239,1.913,1.554,2.307,1.521,1.713,1.653,2.211,2.017,3.696,1.517,1.88,2.344,4.257,1.385,1.915,1.518,1.79,1.61,1.418,3.138,1.385,2.044,2.155,1.508,2.705,4.031,1.918,3.923,1.748,1.783,1.583,1.123,2.046,1.616,1.947,1.782,1.783,1.418,1.551,1.684,1.551,2.969,1.551,2.409,1.716,5.02,1.614,2.343,5.016,4.19,1.816,2.309,3.764,2.706,2.938,3.2,1.849,4.522,1.715,1.685,5.608,1.32,6.17,1.584,2.938,1.815,1.32,2.936,1.651,1.813,1.749,2.579,3.955,2.442,1.518,2.311,3.531,1.551,1.881,2.377,2.145,1.683,2.114,2.507,8.421,2.211,1.748,2.872,1.715,2.245,3.035,1.587,1.746,1.584,2.177,2.442,2.113,2.145,1.716,1.947,3.299,1.786,2.308,2.142,1.946,1.486,1.616\right]

Quizlet match attempt number effect on seconds taken
\left[1,...60\right]
\left[11.8,10.5,9.7,11,10.8,10.9,12.8,10.1,13.6,11,13.1,10.8,11.8,10.8,9.5,12.7,10.6,9.4,9.2,10.4,10.2,13.9,12.7,11.1,10,14.6,9.2,11.6,11.3,9.8,13.2,10.7,9.2,13.8,15.8,15.8,10.9,10.9,15,12.1,11.9,11.3,11.8,10.6,16.1,9.2,11.7,10.4,9.6,12.4,10.1,10.6,14.6,11.8,10.9,8.4,10.8,11.5,11.1,10.9\right]

Move # vs chess accuracy of professional
x_{1}=\left[1,2,3,4,5,6,10,20,30,40,50,60\right]
y_{1}=\left[99.85,99,97.85,96.5,95.45,94.15,90.5,85.8,83.85,83.55,83.65,84\right]

Movie Gross
x_{1}=\left[1...1334\right]
y_{1}=\left[2783.918982,2208.208395,2058.662225,1671.713208,1519.479547,1518.722794,1408.218722,1341.511219,1331.243897,1274.23498,1263.109573,1237.466026,1215.392272,1167.245366,1153.304495,1141.403341,1123.790543,1110.526981,1104.039076,1084.439099,1069.666004,1066.215812,1050.988488,1045.663875,1038.812584,1034.542646,1027.044677,1025.49111,1022.617376,1019.920974,1017.003568,1001.620618,987.45139,975.216835,974.755371,963.901123,963.420425,960.366855,960.283305,955.119788,944.951601,942.943935,937.008132,936.42937,935.083686,934.699645,931.369459,896.911078,894.86023,887.210985,880.206511,879.765137,879.620923,878.979634,875.952759,868.160194,864.868047,863.197744,859.701857,853.707581,850.598226,848.998877,836.519699,832.402082,829.724737,821.706375,817.400878,817.012815,807.330936,803.798342,801.029249,796.688549,795.11067,794.758876,792.965326,789.300444,788.408539,786.635413,786.598007,771.051335,767.820459,766.652288,758.536735,757.890267,756.244673,747.862775,746.921271,746.100054,743.588329,738.986156,738.576929,731.463377,720.539572,714.401889,710.644566,708.996336,708.272592,706.102828,700.868363,697.459228,695.941797,694.71323,689.420051,679.850637,679.850637,677.923379,677.54192,672.806292,667.999518,667.752422,664.837547,663.851905,656.695615,655.906448,654.213485,652.127828,651.899282,650.523427,644.602516,639.537208,634.954103,634.28774,631.910531,630.163454,626.549695,624.234272,622.341924,621.156389,618.638999,615.577068,614.726752,614.58627,607.987022,606.836535,603.968683,599.680774,594.420283,591.692078,587.790539,586.47724,586.464305,585.532684,585.171547,579.446407,573.068425,572.705079,570.998101,563.749323,561.137727,560.155383,559.757719,556.559566,556.31945,554.987477,554.606532,554.6,552.198479,550.517357,549.588516,547.326372,543.495033,542.742489,535.663443,534.551353,534.17196,532.950503,532.508025,531.51465,529.076069,527.071022,519.338048,518.614383,517.6,516.567575,515.419827,511.358276,504.050219,499.518504,498.438212,496.511521,495.7,494.870992,493.214888,492.846291,492.317334,490.875846,490.359051,490.280162,487.519809,486.12409,485.035085,485.004754,484.873045,484.468608,484.161265,482.860185,476.684675,475.825484,474.171806,470.751398,470.7,467.381584,467.15116,465.764086,463.517383,461.651246,459.260946,457.729388,457.697994,457.683805,457.507776,456.810575,454.161935,451.329842,450.728529,449.948323,449.326618,449.239855,448.191819,443.483213,442.169052,442.161562,441.767803,441.286003,440.160956,435.040395,433.125655,433.058296,432.645872,431.942139,431.286372,430.821168,427.30026,427.230516,424.2,418.18695,417.341288,416.456852,416.385488,416.197059,415.247258,415.247258,412.8,411.348924,411.002906,410.9,410.333326,408.834838,408.269295,406.875536,405.760225,404.561724,403.841637,402.735134,402.448265,402.280159,402.231063,401.021746,400.062763,397.501348,390.525192,389.870414,387.644286,387.51377,386.152042,386.152042,386.116343,386.06939,385.680446,385.524862,385.000317,384.53044,382.288147,381.68738,381.081967,381.081967,378.505812,377.807404,377.006196,376,375.740705,374.890034,374.82576,374.105123,374.085065,373.993951,371.917043,370.742166,370.569776,370.541256,369.884651,368.567189,367.650911,367.452079,367.262558,366.784257,366.784257,366.101666,365.9,365.491792,365.3,364.545516,363.728226,363.095319,363.064265,362.989076,362.605033,362.605033,362.21174,362.000072,361.73066,359.142722,358.99485,358.824714,358.5,356.800601,356.546621,356.429941,356.258047,356.148063,355.408305,353.715317,352.831065,352.829528,351.774938,351.620129,351.5,351.040419,350.976753,350.10028,349.878788,349.878788,349.464664,349.213586,349.213586,349.143061,349.088523,348.629585,348.547523,348.319861,347.425832,347.1,347.1,345.141403,345.114933,344.780046,343.397247,342.7692,342.41646,340.800479,340.384141,339.504276,336.529144,336.398312,336.069511,334.550106,334.342692,334.1,333.13275,333.080271,332,331.32341,331.26671,330.780051,330.42504,330.42504,329.631958,328.711434,328.67554,328.203506,328.125643,328.015029,327.656424,326.073155,325.5,322.459006,321.887208,321.365567,320.1,319.713881,319.7,318.146162,318.000141,317.668058,316.915264,316.3,315.709697,315.268353,314.709717,314.594597,312.383487,311.979256,311.744465,311.594032,311.270008,310.940997,310.697192,310.650574,310.634169,310.138178,310.043823,308.7,307.353906,307.325633,307.325633,307.166834,306.900902,306.770545,305.705794,305.492201,305.270083,305.218228,304.249198,303.5,302.710615,302.469017,302.212434,300.854823,300.4,300.2,300.2,300.150546,299.477886,299.461782,298.923419,298.815224,296.872367,296.642834,296.338663,295.87419,295.87419,295.459836,295.279072,295.212467,294.680778,294.156605,292.817841,290.701374,290.650494,289.959445,289.660619,289.632023,289.480691,288.693989,288.58745,287.916633,287.641616,287.594577,286.896578,286.5,286.214286,286.192091,285.4,283.218368,283.2,282.7781,282.3,282.3,281.527158,280.35592,279.5,279.316181,278.731369,278.449984,277.442381,277.2,276.665036,276.294164,276.014965,275.726716,274.949886,274.543085,274.39288,274.392649,273.814019,273.814019,273.346281,273.330185,273.271982,272.22343,270.997378,270.944428,270.340892,269.80643,269.065678,268.5,268.314513,268.268174,268,267.985456,267.816276,267.2,266.824291,266.685242,265.573859,264.24622,264.118201,263.898761,263.880341,263.591415,263.585794,262.794441,262.75831,261.443242,261.4,260.700012,260.002115,259.73609,259.54143,259.54143,259.103376,258.75137,258.21086,257.938649,257.878294,257.641634,256.86292,256.585882,255.090124,255,253.555383,252.276928,252.091016,251.499665,250.8,250.7,250.649836,250.474038,250.2,249.52043,249.488115,248.3,248.218486,248.099143,247.946915,247.812011,247.474497,247.023808,246.4,246.1,245.8,245.768384,245.7246,245.623848,245.3,245.075434,244.144701,244.088654,243.388614,243.180937,242.981799,242.895809,241.2,240.497948,239.814025,239.60621,239.5,239.37397,238.940997,238.862031,238.552082,238.317814,238.202668,237.814327,237.685089,236.827677,236.5,236.412453,236.410607,235.9,234.981342,234.723148,234.4,233.7,233.125712,233.066978,232.643008,232.017848,231.928227,231.800856,231.710008,231.450102,229.727774,229.545589,229.385361,229.155503,229.03405,228.641283,228.104185,227.793915,227.773686,227.2,227.140757,226.941585,226.739416,225.925989,225,224.922135,224.614744,224.117573,223.050874,222.640812,221.835496,221.594911,221.468935,221.229335,221.148959,220.80016,220.648184,220.648184,220.241723,220.23641,219.561188,219.535492,219.265952,218.853353,218.673959,218.613188,218.535708,217.98632,217.670152,217.370736,217.214143,216.6,215.862692,215.448997,215.3,215.116144,215.08081,214.974953,214.392904,214.392904,214.357371,213.514672,213.5,213.463976,213.420951,213.120004,212.956024,212.928762,212.912137,212.453431,212.417601,212.4,212.282709,212.2,212.2,212.026975,211.856088,211.739043,211.7,211.562435,210.315681,210.3,209.461378,209.045522,208.900376,208.542162,208.370892,208.3,207.765056,207.5,207.283457,207.154748,207.06834,206.598789,206.51231,206.45542,205.445075,205.440387,205.4,205.312666,205.298907,205.272612,205.190324,204.77469,203.932174,203.877963,203.63063,203.555567,203.502372,203.502372,203.178872,203.035572,203.018919,202.910991,202.812429,202.726605,202.182981,202.053386,202,202,201.463574,201.324422,200.859554,200.7,200.5,199.905224,199.043309,198.750909,198.750909,198.00688,198.00688,197.692062,197.687603,197.61816,197.593152,197.268034,197.232734,196.565669,196.565669,196.439693,196.320329,196.308367,195.660942,195.660942,195.3,195.111193,195.080579,194.183034,194.169619,194.058503,193.857962,193.737977,193.5,192.903624,192.903624,191.932158,191.558505,191.502246,191.2,191.2,191.145256,190.212113,190.191646,189.8,189.624452,189.624452,189.176423,188.715611,188.715611,188.657593,188.281304,187.995859,187.707495,187.5,187.384627,187.281115,186.883563,186.04902,185.90475,185.708462,185.4,184.925485,184.068357,183.354514,183.316455,183.124621,183.097323,182.782518,182.365114,182.291969,181.982519,181.674817,181.489203,181.457297,181.185387,181.053657,181.038616,181.025343,180.188905,180.148897,180.047784,179.357126,179.265204,178.71062,178.2,178.1,178.066569,177.993801,177.835231,177.535958,177.512032,177.34423,177.241171,177.2,177.025498,177.012173,176.885658,176.53357,176.469428,176.469428,176.262839,176.154137,176.101721,176.038324,175.516617,175.5078,175.361578,174.807445,174.463257,174.463257,174.201661,174.131329,174.102281,173.613482,173.567581,173.559438,173.046663,173.04441,172.825854,172.779292,172.543519,172.450423,171.685793,171.529184,171.484051,171.377916,171.302226,170.93647,170.805525,170.549753,170.466405,170.32793,170.200225,169.955142,169.590606,169.4,169.296573,169.173206,168.841459,168.311558,168.167798,167.977596,167.918847,167.851995,167.791704,167.78096,167.297191,166.842739,166.617328,166.617328,166.307945,166,165.9,165.890634,165.889117,165.720921,165.600852,165.55229,165.334774,165.173909,165.149302,165.103952,165.048228,164.8,164.675402,164.640401,164.350409,164.285587,164.05125,163.876815,163.838217,163.838217,163.818556,163.644662,163.527824,163.295654,163.126676,163.018913,162.870525,162.839667,162.816399,162.778384,162.753837,162.738726,162.610473,162.526238,161.921515,161.838076,161.8,161.510853,160.971922,160.903019,160.822438,160.7,160.648493,160.558438,160.502573,160.388063,160.37993,160.247805,160.038407,160,159.846429,159.691085,159.616327,159.387195,159.387195,159.356941,159.157447,159.062963,159.047649,158.926474,158.90829,158.905324,158.750817,158.702748,158.701644,158.527918,158.5,158.5,157.956466,157.794205,157.670733,157.092943,156.974557,156.890462,156.890462,156.835197,156.82202,156.815529,156.553592,156.22905,156.167015,155.931301,155.769678,155.750628,155.708695,155.564919,155.2,155.056263,155.011165,154.338601,154.338601,154.218168,153.878531,153.878531,153.7338,153.698625,153.535982,153.535982,153.060045,153.007424,153.007424,152.925093,152.62796,152.566881,152.500343,152.457863,152.36437,152.269033,152.269033,152.266007,152.036382,151.947179,151.947179,151.716815,151.668774,151.550856,151.496097,151.46309,150.886329,150.562164,150.519217,150.468,150.422946,150.35,150,149.804632,149.717124,149.705852,149.228078,149.217355,149.217355,149.02265,149.02265,148.868835,148.715342,148.58691,148.345997,148.199515,148.095566,147.985373,147.542381,147.539495,147.080413,146.850273,146.595891,146.590987,146.196885,146.16292,145.594548,145.44336,145.395745,145.23825,144.529078,143.985708,143.04956,142.783718,142.634358,142.36445,142.051255,142.033509,141.809235,141.6,141.484812,141.475336,141.354394,141.26737,141.247413,141.205169,141.2,141.189101,141.123897,140.9,140.894685,140.798808,140.788326,140.61952,140.428499,140.122225,140.012608,140,139.877913,139.840525,139.716717,139.7,139.474906,139.109346,139,138.708527,137.984788,137.963328,137.768975,137.551594,137.48973,137.431619,137.298489,137.16256,137.047376,137.022245,136.998907,136.890774,136.706683,136.143605,136.143605,136.123083,136.047317,135.808837,135.759694,135.01533,134.993774,134.63978,133.946923,133.818283,133.735284,133.603463,133.553464,133.276359,133.162752,133.085295,133,132.999811,132.493015,132.440066,132.121212,131.945113,131.537876,131.492772,131.445884,131.377412,131.353165,131.26337,131.237688,131.234406,131.159781,131.159781,131.159306,131.052444,131.011757,130.968579,130.953026,130.759651,130.673154,130.58073,130.40201,130.40201,129.832389,129.779728,129.262388,129.07527,129.07527,128.955898,128.885873,128.884494,128.874043,128.792135,128.745578,128.468793,128.256712,128.185498,128.131571,127.990741,127.983283,127.767889,127.710659,127.63003,127.361412,127.234389,126.646119,126.549607,126.539117,126.425115,126.425115,126.204977,126.069509,126.037057,125.339088,125.250091,125.212904,124.967272,124.9,124.827316,124.823094,124.715863,124.514011,124.304264,123.954323,123.92237,123.70946,123.696741,123.68179,123.327692,123.261024,122.931214,122.780244,122.529966,122.519874,122.357172,122.244329,122.133227,122.079192,122.079192,122.071435,121.706019,121.671925,121.327628,121.1,121.032272,120.925697,120.832383,120.678444,120.455994,120.19235,120.1,120,119.923801,119.73911,119.721296,119.66835,119.627047,119.512771,119.5,119.295584,118.888025,118.557124,118.55653,118.537627,118.209778,118.097882,117.8,117.729621,117.615211,117.523786,117.448157,117.085297,116.898028,116.809717,116.773317,116.625798,116.177695,116.044347,116.025023,116,115.592104,115.150424,115.121608,115.036108,115.021008,114.962525,114.830111,114.770654,114.658262,114.576403,113.916474,113.80558,113.80558,113.622499,113.542091,113.487912,113.417762,113.402302,113.373764,113.354449,113.325743,113.026383,113.018076,112.964875,112.914167,112.798051,112.610386,112.214531,112.03687,112.006296,111.946251,111.859493,111.854182,111.6,111.534881,111.448997,111.336398,111.125785,110.989157,110.521733,110.387072,110.387072,109.862682,109.848461,109.848461,109.84339,109.793192,109.492484,109.421911,109.362966,109.267134,109.175673,108.996113,108.981275,108.758521,108.469033,108.286422,108.119662,108.086731,107.967319,107.822813,107.752036,107.650646,107.217396,107.212751,107.190108,107.190108,107.054484,106.593296,106.548738,106.51531,106.511453,106.282604,106.03066,106,105.945357,105.887837,105.445109,105.299638,105.24141,105.173042,105.159085,105.021488,105.002056,104.907746,104.505362,104.504817,104.429625,104.407366,104.36468,104.36468,104.324083,104.283753,104.267443,104.100903,103.891409,103.880027,103.787401,103.735965,103.683342,103.529508,103.452875,103.429755,103.284813,103.215094,103.039258,103.028188,102.992536,102.912961,102.836002,102.825796,102.746214,102.716321,102.63033,102.404019,102.332848,102.332135,102.3089,102.3,102.236596,102.226631,102.115888,102.053581,102.034104,101.937062,101.857425,101.75949,101.636047,101.564935,101.382396,101.379287,101.371017,101.363301,101.173038,101.162106,101.134059,101.00331,101.00331,100.919111,100.851705,100.833145,100.687083,100.687083,100.655892,100.645801,100.642353,100.622586,100.486616,100.230832\right]

Stockfish eval vs ply
x_{1}=\left[1...40\right]
y_{1}=\left[0.27,0.343333333333,0.313333333333,0.32,0.353333333333,0.46,0.423333333333,0.603333333333,0.643333333333,0.706666666667,0.713333333333,0.736666666667,0.723333333333,0.75,0.776666666667,0.76,0.786666666667,0.746666666667,0.793333333333,0.976666666667,0.95,1.23666666667,1.21,1.19666666667,1.18666666667,1.19333333333,1.15,1.20333333333,1.18,1.21333333333,1.19333333333,1.48,1.43666666667,1.39666666667,1.41333333333,1.56666666667,1.55333333333,1.55,1.55,1.58666666667\right]

Stockfish predicting chess results
x_{1}=\left[42,18,15,0,8,24,17,1,29,2,13,49,12,96,525,988,529,1000,105,0,14,19,47,45,315,11,106,5,77,16,49,49,64,0,842,971,786,876,21,26,476,783,61,829,693,0,174,0,0,0,0,0,0,315,488,0,0,0,693,0,27,43,3,98,28,47,47,62,4,4,23,30,16,16,783,12,0,585,86,110,1,2,362,822,813,817,889,812,836,863,882,841,859,802,866,810,797,844,782,741,175,6,5\right]
y_{1}=\left[0.5,0.5,0.5,0,0.5,0,0.5,0.5,0.5,0,0.5,0.5,0.5,0.5,0.5,1,0.5,1,0.5,0,0.5,0.5,0.5,1,0,0,0.5,0,0.5,0.5,0.5,0.5,0.5,0.5,0.5,1,0.5,1,0.5,0.5,0.5,1,0.5,0.5,0.5,0,0.5,0.5,0.5,0.5,0,0.5,0.5,0.5,0.5,0,0,0.5,1,0,0.5,0.5,0.5,0.5,0.5,0.5,0.5,1,0,0.5,0.5,0.5,0.5,0.5,0.5,1,0,0.5,0.5,0.5,0,0.5,0.5,1,1,1,1,1,1,1,1,1,1,1,1,1,0.5,0.5,1,1,0.5,0,0.5\right]

Chess games played that day vs result
x_{1}=\left[1,2,3,4,5,6,7,8,9,10,11,12,13,14,15,1,2,3,4,5,6,7,8,1,2,3,4,5,6,7,8,9,10,11,12,13,14,15,16,1,2,3,4,5,6,7,8,9,10,11,12,13,1,2,3,4,5,6,7,8,9,1,2,3,4,5,6,7,8,9,1,2,3,4,5,6,7,8,9,10,11,12,13,14,1,2,3,4,5,6,7,8,9,10,11,12,13,14,1,2,3,4,5,6,7,8,9,10,11,1,2,3,4,5,6,7,8,9,10,11,12,1,2,3,4,5,6,7,8,9,10,11,12,1,2,3,4,5,6,7,8,9,10,11,1,2,3,4,5,6,7,8,9,10,11,1,2,3,4,5,6,7,8,9,10,11,12,13,14,15,16,17,18,19,20,21,22,23,24,25,26,27,28,29\right]
y_{1}=\left[1,0,0,.5,0,1,.5,1,1,0,0,0,0,1,.5,0,1,1,1,1,0,0,.5,.5,1,.5,1,1,1,0,0,1,1,1,0,0,0,0,0,1,0,1,1,0,1,1,1,0,1,0,0,1,1,1,1,0,0,.5,1,1,1,0,0,0,1,0,1,0,1,0,0,0,0,0,1,0,0,1,1,1,0,0,1,0,0,1,0,.5,1,0,1,1,0,1,0,1,1,1,0,1,0,0,0,1,1,1,0,0,1,0,0,0,0,0,1,1,0,0,1,0,0,1,0,1,1,1,1,0,1,0,.5,0,0,0,1,1,0,1,0,0,1,0,0,1,1,1,0,1,1,0,1,0,0,0,0,0,1,0,0,0,1,.5,.5,0,0,1,1,0,0,0,1,1,0,0,1,0,1,0,0,1,1,0,0,0\right]

Cornhole my score vs other player
x_{1}=\left[1...\operatorname{count}\left(y_{1}\right)\right]
y_{1}=\left[0,0,1,0,1,0,4,0,1,0,1,0,0,1,2,1,1,1,0,0,0,0,1,2,1,0,1,3,3,3,0,6,0,0,0,1,4,2,1,0,0,3,1,1,1,0,1,1,1,1,3,2\right]
y_{2}=\left[3,0,0,0,3,0,0,0,0,1,0,0,0,3,0,2,1,2,0,0,1,0,0,0,1,1,1,1,4,1,3,1,2,2,1,0,3,2,3,1,3,2,4,2,0,3,2,4,1,2,1,1\right]

Chess bot elo vs Result
x_{1}=\left[3200,2500,2100,2000,1900,1800,1750,1725,1700,1650,1600,1550,1500,1400,1300,1200,1120,1100,1000,800,720,550\right]
y_{1}=\left[0.03571428571,0,0,0.1666666667,0.07894736842,0,0,0.3333333333,0.2,0.3333333333,1,1,1,0,1,1,1,1,1,1,1,1\right]

Marble Launcher Angle vs feet launched
x_{1}=\left[10,20,30,45,60,70,80,45\right]
y_{1}=\left[7.52,9.56,10.83,10.27,5.89,5.1,1.667,10.5\right]

Age vs Median VO2 Max
x_{1}=\left[5,6,6.5,7,7.5,8,8.5,9,10,11,12,13,14,15,16,17,18\right]
y_{1}=\left[48.7,48.1,47.8,47.5,47.3,47.0,46.7,46.8,46.9,45.8,45.2,45,44.6,44,43.2,42.6,42\right]

Plies vs Perft Log scale
x_{1}=\left[0,1,2,3,4,5,6,7,8,9,10,11,12,13,14,15\right]
y_{1}=\left[1,20,400,8902,197281,4865609,119060324,3195901860,84998978956,2439530234167,69352859712417,2097651003696806,62854969236701747,1981066775000396239,61885021521585529237,2015099950053364471960\right]

Rain POE for school
x_{1}=\left[5,10,15,30,60,120,180,5,10,15,30,60,86400\right]
y_{1}=\left[1,1,1,1,1,1,1,2,5,10,25,50,1000\right]
z_{1}=\left[.384,.596,.731,.967,1.18,1.38,1.46,.453,.834,1.16,1.86,2.73,23.6\right]

US Air Travel Passengers
x_{1}=\left[6,7,8,9,10,11,12,13,14,15,16,17,18,19,20,21,22,23,24,25,26,27,28,29\right]
y_{1}=\left[581.2,594.7,612.9,636,666.1,622.1,614.3,647.5,703.7,738.6,744.7,769.6,743.3,703.9,720.5,730.8,736.7,743.5,762.7,798.2,824,849.4,889,926.7\right]

Average high and low temperature by day
x_{1}=\left[1...\operatorname{count}\left(y_{1}\right)\right]
y_{1}=\left[38,37.9,37.8,37.6,37.3,37.1,36.9,36.9,37,36.9,36.7,36.5,36.4,36.4,36.2,36.1,36.1,36.1,36.1,36.2,36.4,36.4,36.5,36.6,36.6,36.5,36.5,36.5,36.6,36.7,36.9,37,37.3,37.5,37.8,38.1,38.5,38.8,39.1,39.4,39.7,39.9,40.1,40.4,40.7,41.1,41.3,41.4,41.5,41.9,42.2,42.6,43,43.4,43.8,44.1,44.5,45,45.6,46.1,46.5,47,47.4,47.8,48.2,48.4,48.7,49.1,49.4,49.8,50.2,50.6,51.1,51.4,51.8,52.3,52.9,53.5,54,54.4,54.7,55,55.4,55.9,56.3,56.7,57.3,57.6,57.9,58.4,58.8,59.2,59.6,60.1,60.6,61.1,61.3,61.6,62,62.4,62.7,63.1,63.4,63.6,63.9,64.3,64.6,64.8,65.1,65.4,65.7,66.1,66.5,66.8,67.2,67.4,67.8,68.1,68.3,68.5,68.7,69,69.1,69.3,69.5,69.9,70.2,70.6,71,71.4,71.6,72,72.5,72.9,73.2,73.5,73.9,74.2,74.6,74.8,75,75.2,75.4,75.7,75.9,76.2,76.6,77,77.4,77.7,78.1,78.4,78.8,79.2,79.6,79.9,80.2,80.4,80.6,80.9,81.2,81.4,81.6,81.8,81.9,82.1,82.3,82.5,82.8,83.1,83.3,83.5,83.7,83.8,84,84.1,84.2,84.2,84.3,84.4,84.5,84.6,84.7,84.8,84.8,85,85.1,85.1,85.2,85.3,85.3,85.3,85.4,85.4,85.5,85.5,85.4,85.4,85.5,85.6,85.6,85.6,85.5,85.4,85.4,85.4,85.4,85.4,85.4,85.3,85.2,85.1,85,84.9,84.8,84.7,84.6,84.6,84.5,84.5,84.5,84.4,84.4,84.4,84.5,84.5,84.5,84.4,84.3,84.1,84,84.1,84.1,84,83.9,83.8,83.7,83.5,83.4,83.2,83.1,83,82.8,82.6,82.4,82.2,82,81.8,81.6,81.4,81,80.7,80.4,80,79.6,79.2,78.9,78.5,78.2,77.9,77.5,77.1,76.7,76.3,75.9,75.6,75.3,74.9,74.6,74.2,73.8,73.4,73,72.6,72.1,71.6,71.1,70.5,70,69.6,69.3,68.9,68.4,68,67.5,67,66.5,66.1,65.6,65.2,64.7,64.3,63.8,63.3,62.8,62.3,61.7,61.3,60.8,60.4,59.9,59.4,58.8,58.4,57.9,57.5,57,56.6,56.2,55.7,55.3,54.9,54.5,54,53.6,53.3,52.9,52.4,52.1,51.7,51.3,50.9,50.5,50,49.6,49.1,48.6,48,47.5,47.1,46.8,46.4,46.1,45.8,45.5,45.3,44.8,44.3,43.9,43.5,43.2,42.9,42.7,42.3,41.8,41.5,41.2,41,40.6,40.4,40.2,40,39.8,39.7,39.6,39.5,39.3,39,38.9,38.7,38.6,38.6,38.5,38.4,38.2\right]
y_{2}=\left[23.4,23.2,23,22.8,22.5,22.3,22,22,22,21.9,21.7,21.4,21.2,21,20.9,20.8,20.7,20.7,20.6,20.7,20.7,20.7,20.7,20.8,20.8,20.6,20.5,20.5,20.5,20.6,20.7,20.9,21.1,21.4,21.6,21.8,22.1,22.3,22.7,23,23.2,23.5,23.7,23.8,24,24.3,24.5,24.6,24.8,25,25.3,25.6,25.9,26.2,26.5,26.7,27,27.4,27.8,28.2,28.4,28.8,29.2,29.5,29.9,30.1,30.2,30.4,30.7,31,31.4,31.7,32.2,32.6,32.9,33.3,33.7,34.2,34.6,34.9,35.1,35.4,35.8,36.2,36.6,36.9,37.3,37.6,38,38.3,38.7,39,39.3,39.7,40.1,40.6,40.9,41.2,41.4,41.8,42.1,42.3,42.5,42.8,43,43.4,43.8,44.1,44.5,44.9,45.2,45.5,45.9,46.3,46.7,47.1,47.4,47.7,48,48.2,48.4,48.8,49.1,49.3,49.6,49.9,50.3,50.6,51,51.3,51.7,52.2,52.6,53,53.4,53.7,54.1,54.4,54.7,55,55.3,55.5,55.8,56,56.3,56.6,57,57.5,58,58.4,58.7,59,59.3,59.7,60,60.4,60.7,61.1,61.3,61.6,61.9,62.1,62.3,62.5,62.7,62.9,63.1,63.3,63.5,63.8,64,64.3,64.5,64.7,64.8,64.9,65,65,65.1,65.2,65.4,65.5,65.5,65.6,65.7,65.9,66,66.1,66.2,66.3,66.3,66.3,66.4,66.4,66.5,66.5,66.5,66.6,66.5,66.5,66.6,66.6,66.5,66.5,66.4,66.4,66.4,66.4,66.4,66.3,66.3,66.2,66.1,66,65.9,65.8,65.7,65.6,65.5,65.4,65.4,65.3,65.2,65.2,65.2,65.2,65.2,65.2,65.1,65,64.9,64.8,64.7,64.5,64.4,64.2,64,63.9,63.7,63.5,63.3,63.1,62.9,62.6,62.3,62,61.7,61.5,61.2,61,60.6,60.3,59.9,59.5,59.1,58.6,58.2,57.7,57.2,56.8,56.4,56,55.7,55.3,54.9,54.4,54,53.7,53.3,52.9,52.5,52.1,51.7,51.3,50.9,50.4,50,49.5,49,48.6,48.2,47.9,47.5,47.1,46.8,46.4,46.1,45.8,45.5,45.2,44.8,44.4,44,43.6,43.3,42.9,42.4,42,41.7,41.3,40.9,40.5,40.1,39.7,39.5,39.1,38.8,38.6,38.3,38,37.7,37.3,36.9,36.5,36.1,35.9,35.6,35.2,34.9,34.7,34.4,34.1,33.8,33.6,33.2,32.9,32.5,32.2,31.8,31.5,31.2,31,30.8,30.6,30.4,30.1,29.8,29.5,29.1,28.8,28.5,28.3,28.1,27.8,27.4,27,26.8,26.5,26.3,26.1,26,25.7,25.5,25.3,25.2,25.1,24.9,24.7,24.5,24.4,24.2,24.1,24,23.9,23.6\right]

living wage over time
x_{1}=\left[45336,45084,44782,44593,44497,44092,43389,42263,41424,46045\right]
y_{1}=\left[42084,28846,28170,24121,24121,20500,20166,17998,18199,41631\right]

female representation
x_{1}=\left[45,50,55,60,0\right]
y_{1}=\left[27.762,29.162,30.75,32.332,23.932\right]

Minecraft FPS render dist 32
x_{1}=\left[0,...56\right]
y_{1}=\left[0,13.5,34,43,60,73,79.5,89,119.5,166,215,139.5,203,223,216,185.5,243,303,324.5,328.5,381.5,396,390.5,396.5,370.5,378.5,385.5,391.5,395,411.5,389,405,388.5,359.5,347.5,412,421.5,420,237,376.5,406,422,415,424.5,409.5,414.5,427,416.5,408,413,430.5,423,431.5,423,423.5,443.5,441\right]

Epochs vs Test Loss on Teachable Machine
x_{1}=\left[0,200,400,500,682,1105,1012,1455,1500,1722,1754,2002,2134,2173,2230,2266,2346,2418,2749,2831\right]
y_{1}=\left[2.22175908089,1.56534612179,1.16188585758,1.02988898754,0.85802257061,0.628583490849,0.667545258999,0.512801527977,0.500654220581,0.446850210428,0.43980550766,0.390109032393,0.366990506649,0.360582321882,0.351468861103,0.345862656832,0.333790630102,0.323478132486,0.28168168664,0.27249228954\right]

Unemployment vs presidential approval
x_{1}=\left[0.05,0.08,0.05,0.07,0.08,0.06,0.04,0.04,0.07,0.04,0.05,0.05,0.05\right]
y_{1}=\left[1.269,1.161,1.054,0.732,0.696,0.625,0.374,-0.556,-0.806,-0.914,-1.021,-1.057,-1.558\right]

delay vs value of reward
x_{1}=\left[186,179,136,80,53,29,19,13,7\right]
y_{1}=\left[0.00016,0.00040,0.0010,0.0025,0.0060,0.016,0.041,0.10,0.25\right]

Salinity vs germination rate
x_{1}=\left[3.0,2.5,2.0,1.5,1.0,0.5,0.1,0.05,0.01,0.0\right]
y_{1}=\left[98.89,99.44,83.89,77.22,41.11,19.44,13.89,14.44,16.11,8.89\right]

Median to Average salary
x_{1}=\left[50000,50000,46000,58000,47000,36900,70000,55500,50000,38500,38000,39000,65000,70000,70500,70000,60000,75000,71000,70000,58500,70000,35000,36000,45000,35360,55000,39520,51000,40000,38000,40000,40000,40000,55500,52500,60000,62500,70000,52000,54000,65000,61000,58000,55000,71500,55000,65000,65000,39000,75000,35000\right]
y_{1}=\left[49651,49073,45134,61357,46429,39852,63940,53360,49685,38615,37000,41429,66603,63940,67750,64942,61242,77661,71800,68371,56500,67098,36416,39004,43427,35760,54630,39217,52807,40748,43592,39744,42714,41889,56841,55000,60538,65625,56092,53529,58556,59143,62595,57933,55636,70875,56286,65867,61600,44435,80507,33682\right]


congress poll
x_{1}=\left[2026,2025.9167...1991.55\right]
\left[80,80,79,71,70,67,71,65,67,63,65,76,77,74,77,75,76,78,79,81,80,81,83,79,82,82,84,82,78,77,76,77,81,78,78,75,73,75,76,79,82,77,76,76,75,80,73,77,75,69,69,67,71,63,62,61,62,71,82,73,77,80,75,77,71,65,66,74,74,72,68,72,70,78,79,76,78,75,77,70,76,75,75,74,74,73,76,78,77,76,79,78,79,81,75,78,81,80,80,79,74,72,74,74,67,67,76,78,74,79,76,78,83,80,78,79,84,81,80,82,86,82,83,82,78,79,77,80,75,75,76,80,79,75,82,82,83,80,81,80,83,83,83,82,85,86,85,76,81,78,78,79,79,83,81,81,76,75,69,83,83,78,79,79,79,82,86,81,86,82,81,82,84,77,76,70,77,74,71,73,83,77,73,73,77,75,73,74,73,72,80,78,71,69,68,72,63,62,54,61,57,55,54,61,76,74,74,77,77,73,75,74,76,71,71,70,71,70,69,64,71,71,76,66,71,64,60,64,55,56,74,67,63,67,71,68,63,65,61,63,71,70,65,65,67,63,63,64,59,58,58,59,57,54,53,48,48,50,52,51,52,52,53,52,52,51,51,51,45,63,63,64,59,58,58,59,57,54,53,48,48,50,52,51,52,52,53,52,52,51,51,51,45,50,51,51,53,46,45,41,44,33,44,39,40,40,39,40,40,43,36,36,38,33,34,28,28,29,19,19,10,44,37,42,37,34,34,32,28,32,40,34,42,42,52,42,56,51,53,47,54,46,52,54,47,46,48,36,48,40,33,35,47,52,53,48,57,58,59,48,51,49,51,49,65,57,61,60,55,57,54,61,59,53,53,52,66,70,73,65,63,66,69,69,65,54,78,54,53,63,68,64,65,42,49,37,43,54,40,56,61,49,44,44,42,40,42,58,54,54,48,50,43,34,47\right]

A. vulgare preferences for cold, sugar, salt
x_{1}=\left[0,1,2,3,4,5,6,7,8,9,10\right]
y_{1}=\left[6,6,5,7,9,8,8,8,10,8,7\right]
z_{1}=\left[6,6,5,4,2,4,4,4,3,3,3\right]
u_{1}=\left[6,7,6,8,8,3,8,5,6,6,6\right]

% of poll support vs town hall meetings
x_{1}=\left[7.5,8.25,8.75,9.5,10.25,11,12.5,14,18.5,23,25.5,31.5,35,40.25,43.75,51.25,55,57.25,60.25,62.25,62.5\right]
y_{1}=\left[3.2855238,3.6000952,3.8098095,4.0894286,4.3690476,4.683619,5.2428571,5.8370476,7.2700952,8.5633333,9.2274286,10.276,10.695429,11.01,11.01,10.590571,10.171143,9.7866667,9.3322857,8.8429524,8.8429524\right]

average error when predicting the datapoint n months in the future, where n is the position in the list
x_{1}=\left[1,2,3,4,5,6,7,8,9,10,11,12,13,14,15\right]
y_{1}=\left[3.7995169,4.5690073,5.381068,5.8442822,6.3414634,6.5745721,6.8186275,6.9459459,7.1280788,7.1037037,7.3861386,7.4987593,7.5646766,7.7057357,7.94\right]

age vs voter turnout in 2024 election
x_{1}=\left[18...79\right]
y_{3}=\left[35.5,42.9,40.6,44.3,47.9,49.1,46.9,46.0,50.0,46.4,49.3,50.6,51.5,51.3,50.8,51.8,50.6,50.1,53.3,55.8,54.5,54.0,56.8,58.3,54.1,55.5,56.3,60.7,60.9,58.4,60.1,58.4,58.7,62.7,60.6,60.6,65.6,63.7,65.4,61.3,64.5,66.2,64.0,65.0,69.2,67.8,69.6,68.8,72.1,69.9,71.8,72.3,72.0,71.9,74.0,74.9,74.4,72.2,73.8,75.2,73.0,72.0\right]

income %ile of public vs gov responsiveness
\left[10,30,50,70,90\right]
\left[2.0,2.2,2.5,2.9,3.6\right]

quizlet match duration over time
x_{1}=\left[1,2,3,4,5,6,7,8,9,10,11,12\right]
y_{1}=\left[31.329542,28.695633,30.027719,28.420942,32.815267,20.008863,25.294197,27.587101,24.166097,20.309046,20.617601,22.293396\right]

income and experienced well-being on August 10, 2020
\left[15000,25000,35000,45000,55000,65000,75000,85000,95000,112500,137500,175000,250000,400000,625000\right]
\left[60.863,62.032,62.379,62.658,62.830,63.015,63.299,63.550,63.737,63.916,64.187,64.440,65.537,65.810,65.341\right]

effective tax rate in us by year
x_{1}=\left[1979...2021\right]
y_{1}=\left[22.4,22.4,22.6,20.9,20.5,20.9,21,21,21.8,21.9,21.6,21.7,21.6,21.6,22.1,22.5,22.7,22.9,23,22.7,23,23.1,21.6,20.8,19.9,20.3,20.8,20.9,20.5,18.5,17.9,18.6,18.3,18.9,20.7,21.2,21.1,20.9,20.7,19.4,19.3,16.6,17.4\right]

Brain warp game 2
x_{1}=\left[1,...,\operatorname{count}\left(y_{1}\right)\right]
y_{1}=\left[28,22,25,27,26,31,31,30,27\right]

Inequality vs avg wealth
x_{1}=\left[0.2941963,0.2715465,0.33829018,0.3120468,0.30930254,0.24383356,0.26823103,0.34395808,0.2845992,0.42050114,0.5163944,0.39470536,0.37391287,0.37456086,0.42176074,0.31114635,0.43034458,0.37357685,0.43042782,0.36019513,0.53881925,0.4582914,0.35275364,0.30105957,0.318384,0.25713998,0.4467324,0.2992485,0.38971257,0.45195475,0.28482038,0.39802378,0.38542363,0.30707377,0.31141794,0.30706868,0.27399832,0.3180931,0.38757205,0.33853805,0.3243345,0.3343871,0.45212683,0.33435068,0.45676118,0.26802558,0.25514996,0.34894395,0.35884795,0.2977404,0.2897247,0.3789385,0.34344622,0.39874473,0.32339275,0.29191533,0.37743774,0.27832702,0.38305664,0.2718802,0.3397468,0.35281137,0.35961652,0.33591464,0.3681921,0.38542736,0.40668428,0.2928509,0.35653594,0.34587276,0.35482943,0.31996748,0.43454006,0.26764753,0.31416476,0.34296975,0.49557135,0.30020264,0.2574387,0.32862565,0.3389487,0.3350583,0.2653081,0.36381876,0.49733543,0.44245335,0.40125862,0.35203487,0.28466788,0.33851567,0.29828945,0.36068243,0.39364448,0.3615772,0.3280289,0.23817715,0.24681959,0.32906574,0.33407936,0.37663776,0.39179897,0.2927833,0.33795178,0.26628074,0.36108002,0.3349489,0.37858006,0.27095765,0.33716425,0.44467676,0.42702177,0.25627363,0.32414633,0.41818878,0.39984146,0.34563366,0.32317576,0.36093006,0.5148495,0.5025645\right]
y_{1}=\left[14662.796,19402.752,57059.742,64394.09,7888.164,26731.496,62920.645,3464.2886,14061.3125,9843.97,19079.812,33139.938,2486.431,833.9202,4793.556,56995.117,1128.5524,2655.71,29569.479,21499.383,18382.998,26973.436,6045.2046,41135.086,52190.875,47509.523,1277.6328,71454.52,24229.469,13935.539,15579.016,11424.6455,16932.771,41706.52,2588.413,13567.474,56246.44,54017.875,2702.319,25000.633,60342.664,36854.504,12384.948,2483.8506,6585.8555,65122.754,8594.392,14470.4375,15912.03,13202.323,115505.336,46162.082,52725.746,9577.164,42992.48,32945.85,5491.694,2927.4849,13022.463,6575.7754,38796.55,11474.751,46159.707,129021.65,1577.4325,1687.2894,29822.85,21855.502,2796.228,57781.5,6405.0757,6162.2104,21392.111,15990.4795,15310.435,23842.062,1476.6656,4763.3877,68573.56,1585.5992,5552.838,21765.686,90085.555,5361.131,36426.008,16296.283,15661.75,9898.533,43672.766,41571.02,40301.5,36376.336,3062.999,4173.6772,24633.07,39497.535,47868.387,48419.645,47341.17,14637.444,18742.588,62845.484,82777.3,4454.8535,4755.933,21191.453,2577.202,7034.925,12444.326,32748.318,2689.4102,17092.54,51004.426,74158.72,32038.773,10450.205,3512.072,12979.764,3585.1238,3294.804\right]

The effect of pH on enzyme activity
x_{2}=\left[3,5,6,7,8,10\right]
y_{2}=\left[0.07551981,0.1046289,0.088315,0.133624,0.12329,0.030995\right]

Latin Grade
x_{1}=\left[1,2,3,4,5,6,7,8,9\right]
y_{1}=\left[10.53,12.37,12.93,14.67,15,14.83,15,14.63,14.4\right]

quizlet match
x_{1}=\left[1,...,41\right]
y_{1}=\left[17.9,18.1,17.1,14.2,10.2,15.8,15.2,22.7,17.3,12.6,16.4,8.6,11.7,12.7,12,13,16,11.6,12.6,15.3,13.4,13.2,16.2,11.1,11.2,13.9,11.8,17.2,14.5,13.9,13.5,13.6,15.5,10.1,15.7,10.5,20.8,12.5,16.4,14.8,12.2\right]

Brass stress-strain
x_{1}=\left[0,0.0002,0.0002,0.0003,0.0004,0.0005,0.0006,0.0007,0.0008,0.001,0.0011,0.0012,0.0013,0.0013,0.0014,0.0015,0.0016,0.0017,0.0018,0.002,0.0021,0.0021,0.0022,0.0023,0.0024,0.0025,0.0026,0.0027,0.0028,0.0029,0.003,0.0031,0.0032,0.0033,0.0034,0.0035,0.0036,0.0037,0.0038,0.0038,0.004,0.0041,0.0042,0.0043,0.0044,0.0044,0.0045,0.0046,0.0047,0.0048,0.005,0.005,0.0051,0.0052,0.0053,0.0054,0.0055,0.0056,0.0057,0.0058,0.0059,0.006,0.0061,0.0062,0.0063,0.0064,0.0065,0.0066,0.0066,0.0067,0.0068,0.007,0.0071,0.0072,0.0073,0.0073,0.0074,0.0075,0.0076,0.0077,0.0078,0.0079,0.008,0.0081,0.0082,0.0083,0.0084,0.0085,0.0086,0.0087,0.0088,0.0089,0.009,0.0091,0.0092,0.0093,0.0094,0.0095,0.0095,0.0096,0.0097,0.0098,0.01,0.0101,0.0102\right]
y_{1}=\left[0,12,17,22,27,36,45,56,65,74,84,97,112,125,141,159,173,192,209,228,247,265,284,301,320,336,354,368,381,394,406,416,424,432,438,442,444,447,448,448,449,449,450,449,451,452,452,452,452,452,456,453,453,453,453,453,453,453,453,453,453,453,453,452,452,452,451,451,450,450,448,448,448,446,446,445,444,444,442,440,440,438,438,437,435,434,432,430,428,426,424,423,421,418,416,414,412,409,406,404,400,397,397,390,387\right]

yield point
x_{1}=\left[0.0025,0.0026,0.0027,0.0028,0.0029,0.003\right]
y_{1}=\left[501,528,551,568,575,577\right]

how much time a chess piece is worth
x_{1}=\left[5,3,1,0,-1,-3,-5\right]
y_{1}=\left[-9.6,-6.5,-3.3,0.6,6,15.3,28.7\right]

Stockfish bench
x_{1}=\left[1,2,3,4,5,6,7,10,11,20\right]
y_{1}=\left[14,19,21,21,26,29,31,38,40,61\right]

PSI vs mean Polsby-Popper score
x_{1}=\left[0.01,0.05,0.1,0.3,1.0,3,10,30,100\right]
y_{1}=\left[0.0182,0.0342,0.0541,0.0899,0.0999,0.1019,0.1027,0.1038,0.1038\right]

Global t vs J_total and mean_PP
x_{1}=\left[10,20,30,40,50,60,70,80,90,100,110,120\right]
y_{1}=\left[68.7594,68.8334,68.4265,67.9062,67.4981,67.1930,66.9976,66.7696,66.6788,66.5701,66.5312,66.5057\right]
z_{1}=\left[0.0355,0.0344,0.0401,0.0474,0.0529,0.0571,0.0597,0.0628,0.0640,0.0655,0.0660,0.0663\right]
